38148
44066
60187
32560
18248
31207
35601
60877
28601
29502
21623
35907
23138
10026
28039
42656
52528
63268
33703
37648
7229
17111
2031
56279
43720
17736
16266
42832
19319
36277
38939
28169
5268
51994
12923
22160
33010
59643
55899
15897
43392
57883
5936
27369
10135
56080
52519
42043
47532
63284
6999
22679
7461
24127
4600
8798
5362
17622
16261
18458
14238
46592
24923
24047
42193
54142
9016
25848
1071
18342
25544
18180
23099
30886
64252
22349
5552
31604
17349
13653
52475
55363
26105
38079
8722
31619
31072
44471
10161
331
30584
33671
65363
15863
41494
29913
41113
6645
36901
16542
18909
43108
45967
36493
52384
46243
37401
14404
8025
49767
31467
51928
36728
53921
37370
42614
57953
56783
9591
35977
18596
20029
26295
33529
27809
21224
33535
34605
8900
25048
24744
21269
28222
61365
52514
19581
6025
17897
31
55610
64174
33064
597
41904
20503
27690
47803
41222
27713
60857
20095
53077
1740
45651
48628
62597
55567
12505
36435
6282
62626
800
9409
56721
19732
10027
46556
12484
41387
16537
17743
29872
56986
33657
50647
15735
42338
65206
37662
58586
31563
29908
1748
43860
196
35314
4366
14842
64897
32345
29754
14570
16754
61791
30232
17957
45753
49534
40104
733
2642
20555
63192
42947
64817
33771
49226
48657
62316
24459
7443
16702
9248
2626
41242
46685
28663
27380
13785
16611
46864
63826
19510
39619
36573
9133
42501
11782
8761
20381
7853
39475
63259
27718
58406
20138
13062
45364
27507
54862
30417
10190
60955
7971
21762
12356
29542
48068
55520
18775
53224
33668
16609
62682
54156
25131
31343
56730
14487
53457
45168
9921
10486
44925
18092
36012
10536
51770
27528
17537
27888
40338
21677
7672
32985
13535
43882
41679
30565
43582
24641
56560
35162
45793
25349
10247
10413
11512
48147
22819
44197
11463
29726
30591
63263
1829
10353
57521
11674
11879
14943
43206
32
58989
12183
16454
5015
17136
7848
22300
18314
6849
17757
51229
30877
35264
5709
19905
33696
54241
60811
20897
4304
29715
2824
21977
44796
29862
39250
1480
4436
55750
10685
45840
40207
35912
49564
61483
37843
22975
65400
44091
63797
61543
305
65396
13122
18600
7464
5521
27503
25765
38635
61374
58773
18186
46089
12880
6467
14067
50545
49115
1421
62992
15810
27610
23645
14845
64309
48834
5832
10335
52383
19619
21471
37203
35505
62077
3516
23267
4475
58742
59532
54567
19
38498
52304
14193
32310
17399
63290
11732
52962
45688
4907
24996
11473
59740
38955
10626
10056
23104
24311
54355
23685
16582
58691
14476
16385
62810
2099
42115
26491
60598
13377
61331
18217
4268
33610
5304
3311
25477
30044
26699
31078
39684
52744
33287
52455
47839
18946
23682
37913
7271
61107
55885
56268
45733
29320
57575
62636
27520
59465
63842
58761
1968
25875
63360
15379
41182
44737
33089
28929
55141
15111
35829
15139
35823
30018
32616
13822
25868
42433
52744
16718
47607
10153
30703
8430
57948
18028
18658
42209
13159
65511
15653
4361
62639
38962
34834
33008
28754
61173
20643
38583
37068
38691
38253
12896
43237
126
26913
6493
28482
29059
7451
4830
37664
63341
7826
54484
52153
56428
36747
19887
54075
8450
44093
4159
22968
6112
11036
28563
57452
49966
12007
51455
22982
18892
29099
32830
58368
39478
49979
52729
33253
39564
12384
2326
9461
37118
28418
61554
64718
26863
59999
27193
59021
15981
52713
33063
7011
65245
10559
17406
15496
47561
4303
51578
29772
27392
61545
34932
15351
1797
64749
37325
5554
34608
21183
64907
7133
45912
15943
3934
7550
48755
62510
38388
19724
14747
36664
50511
33957
55501
4883
3032
19700
27968
60693
64923
10836
60997
36743
38404
64343
31212
20511
32817
13326
42432
18693
25880
34564
64761
9054
5999
43031
4016
5373
54241
39467
23918
1806
17074
49066
49063
33600
56046
19163
52790
16045
12480
52963
17235
40806
25851
30893
21918
35309
48440
51292
47219
57474
38615
44240
52329
3586
46417
21211
3786
33508
64199
17888
1535
25375
6546
8096
30237
39337
50342
46391
14975
53257
27469
45089
37824
16463
4392
55229
23245
15400
22026
588
24142
30384
6168
81
11724
26222
11814
43674
59764
23543
50795
7755
62824
32249
53074
48013
65282
44934
6779
34505
57645
20315
24261
31337
7595
47319
59862
19381
50031
55258
22075
18735
22802
63953
28002
47026
21858
13850
1559
24126
41504
22818
3532
31344
54672
40449
28237
55841
12733
50316
28539
19718
62357
11220
59107
35930
11106
42299
43654
23130
51981
12484
37414
16454
4130
58003
61543
33710
10009
55680
64504
47970
17957
39436
40540
44516
26354
56695
39606
44677
52138
9483
57530
40970
9053
15336
8117
48108
10254
32710
39081
41021
9223
59877
42570
23577
53358
42674
11007
59391
19219
47839
55770
56287
33001
2558
15419
15745
56425
47991
7277
58928
32393
51475
8916
31625
60807
44177
37047
3201
20830
563
1628
38381
55780
19190
43934
35012
18785
9370
14115
46289
20273
38396
39592
1122
3087
56764
18287
21784
58361
22010
24026
34746
31719
60564
54368
63684
12918
47503
60652
54773
34354
57358
47646
54827
8346
65267
8435
24906
50884
34824
41961
8501
21918
50404
25796
46076
31899
43633
34336
65059
56475
52445
24519
41640
64901
24704
38254
59770
39677
44715
59384
56498
45631
23061
48015
25878
37077
15255
35141
30699
42926
10156
24440
1684
53333
5549
55708
58550
60706
38281
37843
38775
47362
19932
41534
20549
19146
5360
25598
54231
19046
45562
41017
56002
22210
10907
1316
30821
20806
53729
16156
12145
37483
56270
9738
48411
51634
43320
14916
64799
1264
7576
30111
3573
3949
18840
33372
34160
47907
23616
48510
53097
23932
55067
7653
63969
45089
19181
39656
16528
44263
42902
64741
42372
58727
19947
62944
6453
14836
23287
57623
62178
56370
64568
54125
22078
54889
20890
36144
13680
13683
26424
1345
49939
46745
64384
26397
48780
63645
4526
34352
13066
38477
6593
39496
11773
58646
49498
2108
2552
59855
12714
36936
7767
15652
41199
22063
42848
20128
8018
18324
17860
44156
31273
45051
33786
38570
60329
43278
58393
18420
10812
13912
21872
38890
51256
32388
57143
9955
54512
53087
22680
25069
22817
5505
16146
49717
50447
43800
63122
39329
17435
60165
54005
6218
23313
46134
21886
33597
20842
62984
43459
36882
58646
